 --------------------------------------------------------
 bestval =   8.5591110342912349E-002
 No. of iteration  =          11
 Pr_t =  0.85623840439371479
 A =   27.345294918091163
